182
917 911 14 8 Empty 0 0 0
1075 910 14 8 Empty 0 0 0
750 902 16 8 Zwolle 0 0 0
995 904 14 8 Meyer 0 0 0
1143 905 16 8 Schupp 0 0 0
671 900 22 8 Hinderink 0 0 0
594 896 22 8 Schomaker 0 0 0
507 894 14 8 Lütke 0 0 0
1254 901 16 8 Gerdes 0 0 0
829 895 10 8 kl. 0 0 0
435 886 26 8 Tenambergen 0 0 0
1187 892 22 8 Goldsweer 0 0 0
552 881 12 8 Bock 0 0 0
468 877 16 8 Bammel 0 0 0
1215 882 14 8 Groen 0 0 0
1035 877 22 8 Wintering 0 0 0
1123 877 14 8 Bruns 0 0 0
865 874 14 8 Empty 0 0 0
615 871 18 8 Emmrich 0 0 0
781 871 18 8 Hillmer 0 0 0
707 865 20 8 Blomeier 0 0 0
944 867 24 8 Meyer-Toms 0 0 0
441 857 16 8 Kröger 0 0 0
1269 864 22 8 Benlaafou 0 0 0
994 858 14 8 Oodes 0 0 0
813 856 12 8 Roos 0 0 0
1077 858 22 8 Osterhues 0 0 0
742 854 18 8 Kraasch 0 0 0
526 850 22 8 Grünneker 0 0 0
652 851 16 8 Schaaf 0 0 0
1178 854 12 8 Vogt 0 0 0
889 849 16 8 Bagans 0 0 0
558 832 22 8 Schroeder 0 0 0
916 834 30 8 Rautenstrauch 0 0 0
479 824 28 8 Wollschläger 0 0 0
1235 831 12 8 Vogt 0 0 0
1155 829 20 8 Polinski 0 0 0
673 824 18 8 Behrens 0 0 0
1087 827 14 8 Bothe 0 0 0
837 824 16 8 Greiwe 0 0 0
1003 825 18 8 Stjepic 0 0 0
752 821 16 8 Paasch 0 0 0
1283 818 14 8 Leder 0 0 0
803 813 18 8 Eisoldt 0 0 0
956 812 14 8 Empty 0 0 0
713 808 22 8 Drobinski 0 0 0
1115 810 14 8 Empty 0 0 0
874 807 16 8 Grüter 0 0 0
1031 807 18 8 Richter 0 0 0
609 802 18 8 Lammers 0 0 0
1194 807 20 8 Hallmann 0 0 0
1263 799 14 8 Loock 0 0 0
763 791 14 8 Brewe 0 0 0
659 789 16 8 Krinke 0 0 0
1083 792 18 8 Rüdiger 0 0 0
838 789 18 8 Zeitler 0 0 0
1169 789 22 8 Laskowski 0 0 0
480 782 14 8 Onken 0 0 0
558 782 16 8 Wagner 0 0 0
911 785 18 8 Schmidt 0 0 0
993 783 22 8 Doppertin 0 0 0
1130 768 14 8 Empty 0 0 0
1229 768 10 8 ben 0 0 0
616 761 18 8 Michael 0 0 0
402 757 20 8 Hillmann 0 0 0
739 760 12 8 Loos 0 0 0
510 757 18 8 Terborg 0 0 0
1035 760 16 8 Luther 0 0 0
923 757 14 8 Kühne 0 0 0
837 753 24 8 Sommerfeld 0 0 0
1090 752 16 8 Franke 0 0 0
1197 750 18 8 Sadlack 0 0 0
962 742 20 8 Frommelt 0 0 0
703 739 18 8 Gosmann 0 0 0
435 736 14 8 Nagel 0 0 0
997 739 20 8 Matschke 0 0 0
1273 740 20 8 Massanes 0 0 0
784 734 24 8 Blumenthal 0 0 0
536 731 18 8 Stolorz 0 0 0
892 731 14 8 Kloos 0 0 0
807 728 18 8 Limberg 0 0 0
1231 731 20 8 Kuhlmann 0 0 0
1320 731 20 8 Hiegeist 0 0 0
1126 729 22 8 Viladrich 0 0 0
1050 726 12 8 Bätz 0 0 0
321 717 12 8 Behm 0 0 0
676 716 22 8 Benhauser 0 0 0
594 713 18 8 Gärtner 0 0 0
746 709 12 8 Jaxy 0 0 0
863 707 16 8 Wecker 0 0 0
496 701 16 8 Müller 0 0 0
395 688 18 8 Häusler 0 0 0
1230 684 16 8 Schuir 0 0 0
1337 682 14 8 Naeve 0 0 0
1139 675 22 8 Hesselink 0 0 0
892 669 16 8 Terlau 0 0 0
530 665 14 8 Wolff 0 0 0
650 666 18 8 Franzen 0 0 0
1001 669 24 8 Schürmeyer 0 0 0
457 662 18 8 Elsmann 0 0 0
762 660 18 8 Waltert 0 0 0
680 641 18 8 Klepsch 0 0 0
958 641 16 8 Müller 0 0 0
809 635 22 8 Determann 0 0 0
348 630 18 8 Friesen 0 0 0
575 631 18 8 Schulze 0 0 0
1082 626 22 8 Steinbach 0 0 0
520 610 12 8 Haak 0 0 0
427 605 18 8 Schütte 0 0 0
626 601 12 8 Kern 0 0 0
734 602 18 8 Fritsch 0 0 0
1189 606 20 8 Foerster 0 0 0
876 602 16 8 Ojciec 0 0 0
312 596 22 8 Ulsperger 0 0 0
1284 603 20 8 Fröhlich 0 0 0
578 573 20 8 Dörgeloh 0 0 0
918 571 14 8 Barth 0 0 0
1343 574 16 8 Abbood 0 0 0
782 566 12 8 Böhm 0 0 0
679 564 14 8 Toebs 0 0 0
1008 565 16 8 Benner 0 0 0
1130 562 24 8 Spellmeyer 0 0 0
1236 562 24 8 Urbanowicz 0 0 0
1054 542 16 8 Menzel 0 0 0
1192 542 16 8 Antoni 0 0 0
374 533 22 8 Schneider 0 0 0
730 536 14 8 Kirby 0 0 0
545 532 18 8 Weinans 0 0 0
1384 540 12 8 Napp 0 0 0
465 529 24 8 Schomakers 0 0 0
293 527 18 8 Hofmann 0 0 0
899 530 16 8 Yoldas 0 0 0
806 529 14 8 Daske 0 0 0
1302 531 12 8 Voss 0 0 0
634 524 16 8 Dippel 0 0 0
984 524 14 8 Choma 0 0 0
264 498 18 8 Itkulov 0 0 0
362 491 20 8 Messaoud 0 0 0
1078 497 26 8 Gamerschlag 0 0 0
951 490 24 8 Nussbaumer 0 0 0
1161 492 24 8 Geisemeier 0 0 0
470 482 16 8 Büsing 0 0 0
692 481 12 8 Weiß 0 0 0
1413 488 20 8 Dollnick 0 0 0
837 481 22 8 Marschner 0 0 0
574 478 16 8 Ehmann 0 0 0
1288 485 18 8 Schmidt 0 0 0
237 462 24 8 Kalbertodt 0 0 0
1205 463 24 8 Falkenhain 0 0 0
1091 453 20 8 Dammeyer 0 0 0
1381 453 14 8 Empty 0 0 0
1513 453 24 8 Haldenwang 0 0 0
908 446 20 8 Westphal 0 0 0
1617 448 24 8 Vornberger 0 0 0
998 438 10 8 von 0 0 0
1292 420 18 8 Berisha 0 0 0
1210 403 18 8 Benesch 0 0 0
1392 401 16 8 Moritz 0 0 0
1108 389 12 8 Kolb 0 0 0
688 344 20 8 Warnking 0 0 0
566 337 16 8 Jansen 0 0 0
1227 337 14 8 Wicke 0 0 0
214 319 20 8 Hembrock 0 0 0
1336 329 20 8 Schröder 0 0 0
440 316 16 8 Scholz 0 0 0
334 307 22 8 Altenhoff 0 0 0
982 304 22 8 Nipshagen 0 0 0
867 298 10 8 von 0 0 0
616 292 20 8 Lamberti 0 0 0
743 292 14 8 Wilke 0 0 0
1108 290 22 8 Osterkamp 0 0 0
1280 280 18 8 Brandes 0 0 0
796 275 28 8 Grenzdörffer 0 0 0
1038 276 18 8 Trebing 0 0 0
668 265 14 8 Wiebe 0 0 0
915 262 16 8 Becker 0 0 0
1448 267 16 8 Beutel 0 0 0
563 258 14 8 Ihler 0 0 0
456 254 22 8 Schalkamp 0 0 0
349 247 22 8 Lewerentz 0 0 0
1157 247 16 8 Boßert 0 0 0
228 228 12 8 Jung 0 0 0
