145
837 902 18 8 Torlage 0 0 0
459 888 14 8 Beste 0 0 0
616 888 28 8 Voß/Bernhart 0 0 0
690 888 24 8 Hillermann 0 0 0
534 882 20 8 Lämmchen 0 0 0
764 882 18 8 Klecker 0 0 0
1051 883 24 8 Hackenholt 0 0 0
912 881 14 8 Empty 0 0 0
1124 881 14 8 Empty 0 0 0
979 878 14 8 Empty 0 0 0
1185 880 16 8 Räuker 0 0 0
592 856 18 8 Culibrk 0 0 0
435 850 20 8 Hölscher 0 0 0
668 849 20 8 Lehmkuhl 0 0 0
1114 851 16 8 Wobker 0 0 0
1211 852 16 8 Schmid 0 0 0
820 843 18 8 Pörtner 0 0 0
984 844 28 8 Voß/Bernhart 0 0 0
903 843 18 8 Ulferts 0 0 0
497 839 20 8 Hinrichs 0 0 0
730 837 24 8 Engebrecht 0 0 0
1029 836 18 8 Schmidt 0 0 0
612 821 18 8 Bourdon 0 0 0
858 823 14 8 Krick 0 0 0
450 818 20 8 Dietrich 0 0 0
529 818 14 8 Empty 0 0 0
1047 822 14 8 Empty 0 0 0
954 821 12 8 Topp 0 0 0
1081 820 14 8 Kühle 0 0 0
661 815 22 8 Schreiber 0 0 0
1135 819 18 8 Lübbers 0 0 0
1215 816 14 8 Klemp 0 0 0
778 811 14 8 Nolte 0 0 0
1274 810 26 8 Hachmeister 0 0 0
1186 804 32 8 Busch-Kuhlmann 0 0 0
731 794 20 8 Füllhase 0 0 0
823 792 16 8 Immega 0 0 0
382 788 14 8 Birwe 0 0 0
926 792 16 8 Krämer 0 0 0
509 786 20 8 Dingkuhn 0 0 0
1036 788 16 8 Hutter 0 0 0
616 781 12 8 Marx 0 0 0
692 778 16 8 Melnik 0 0 0
1230 781 18 8 Janosch 0 0 0
993 768 18 8 Ruwisch 0 0 0
341 762 26 8 Bogdanowski 0 0 0
1296 770 16 8 Ahring 0 0 0
1150 768 14 8 Zerbe 0 0 0
888 765 22 8 Hardemann 0 0 0
546 761 18 8 Maecker 0 0 0
1093 766 34 8 Schulze-Weddige 0 0 0
791 762 14 8 Prein 0 0 0
448 754 22 8 Dzikonski 0 0 0
1203 757 18 8 Spaniol 0 0 0
384 748 28 8 Bartholomäus 0 0 0
285 746 14 8 Henne 0 0 0
750 743 14 8 Foris 0 0 0
959 739 22 8 Steinmann 0 0 0
630 730 14 8 Empty 0 0 0
857 732 12 8 Just 0 0 0
1329 733 12 8 Frei 0 0 0
1048 729 12 8 Helm 0 0 0
1250 718 14 8 Empty 0 0 0
1153 717 16 8 Duarte 0 0 0
456 708 16 8 Rempel 0 0 0
340 702 16 8 Holtze 0 0 0
546 702 14 8 Empty 0 0 0
821 702 14 8 Stahn 0 0 0
701 697 14 8 Empty 0 0 0
1096 697 16 8 Sander 0 0 0
903 685 22 8 Schievink 0 0 0
755 679 14 8 Kraft 0 0 0
1012 673 14 8 Empty 0 0 0
1353 670 12 8 Plum 0 0 0
1201 665 20 8 Hellborn 0 0 0
1292 665 18 8 Windler 0 0 0
670 656 22 8 Osterkamp 0 0 0
246 652 16 8 Wollek 0 0 0
347 650 14 8 Empty 0 0 0
848 646 26 8 Oldenburger 0 0 0
464 635 20 8 Dewenter 0 0 0
1053 638 16 8 Wagner 0 0 0
956 636 12 8 Anke 0 0 0
1144 638 28 8 Stutzenstein 0 0 0
564 632 14 8 Ruzas 0 0 0
1381 631 20 8 Chirakal 0 0 0
1259 619 16 8 Walger 0 0 0
315 606 16 8 Booker 0 0 0
506 607 20 8 Henseler 0 0 0
226 602 14 8 Empty 0 0 0
818 602 14 8 Bruns 0 0 0
716 600 24 8 Schumacher 0 0 0
614 598 28 8 Rittershofer 0 0 0
1312 600 18 8 Schwunk 0 0 0
407 590 20 8 Schwarze 0 0 0
1182 597 16 8 Thelen 0 0 0
928 594 14 8 Prien 0 0 0
1059 589 22 8 Pukropski 0 0 0
321 557 12 8 Gega 0 0 0
1281 565 26 8 Hindersmann 0 0 0
994 562 22 8 Laukemper 0 0 0
865 557 16 8 Hendel 0 0 0
446 547 4 8  0 0 0
748 544 14 8 Empty 0 0 0
1100 546 12 8 Hain 0 0 0
1395 546 18 8 Döllner 0 0 0
672 535 22 8 Lerebourg 0 0 0
522 526 14 8 Empty 0 0 0
187 520 24 8 Haldenwang 0 0 0
380 507 14 8 Empty 0 0 0
1325 508 14 8 Empty 0 0 0
1209 504 22 8 Brinkmann 0 0 0
977 500 14 8 Empty 0 0 0
1452 505 26 8 Kiesewalter 0 0 0
304 492 16 8 Häuser 0 0 0
862 481 16 8 Bäumel 0 0 0
637 473 16 8 Walter 0 0 0
745 473 10 8 Van 0 0 0
1072 475 28 8 Kleinschmidt 0 0 0
1367 475 14 8 Chami 0 0 0
1286 463 14 8 Wiebe 0 0 0
1631 466 24 8 Vornberger 0 0 0
517 450 14 8 Stein 0 0 0
1421 449 14 8 Empty 0 0 0
1179 446 12 8 Kang 0 0 0
420 435 24 8 Fehrenbach 0 0 0
693 423 16 8 Gessel 0 0 0
977 422 22 8 Sakhnenko 0 0 0
274 415 12 8 Jung 0 0 0
853 420 12 8 Kock 0 0 0
1517 418 16 8 Beutel 0 0 0
167 363 28 8 Grenzdörffer 0 0 0
115 350 18 8 Bourdon 0 0 0
246 303 18 8 Eichler 0 0 0
342 303 18 8 Schwarz 0 0 0
586 294 18 8 Tessmer 0 0 0
1152 298 16 8 Heiden 0 0 0
816 290 24 8 Kalbertodt 0 0 0
449 283 22 8 Altenhoff 0 0 0
1044 286 18 8 Trebing 0 0 0
936 280 10 8 von 0 0 0
1399 281 22 8 Hartmeyer 0 0 0
1266 275 22 8 Kniephoff 0 0 0
734 265 16 8 Scholz 0 0 0
137 254 12 8 Koch 0 0 0
