184
820 879 14 8 Empty 0 0 0
561 875 14 8 Empty 0 0 0
906 876 20 8 Bensmann 0 0 0
749 874 18 8 Menrath 0 0 0
1151 875 14 8 Empty 0 0 0
468 867 12 8 Mast 0 0 0
637 867 16 8 Ording 0 0 0
982 870 14 8 Empty 0 0 0
703 863 18 8 Schmitt 0 0 0
1054 866 14 8 Empty 0 0 0
1078 860 22 8 Schuwalow 0 0 0
1214 861 14 8 Empty 0 0 0
862 855 22 8 Brinkhege 0 0 0
779 854 14 8 Empty 0 0 0
952 854 18 8 Buckelo 0 0 0
598 848 12 8 Vong 0 0 0
515 847 14 8 Empty 0 0 0
1033 851 14 8 Empty 0 0 0
1185 851 20 8 Saurbier 0 0 0
476 843 4 8  0 0 0
679 844 14 8 Empty 0 0 0
1110 846 26 8 Freudenberg 0 0 0
556 839 14 8 Empty 0 0 0
632 838 14 8 Empty 0 0 0
712 833 14 8 Empty 0 0 0
913 835 16 8 Locher 0 0 0
828 833 22 8 Hilgefort 0 0 0
1215 832 22 8 Nipshagen 0 0 0
1136 826 14 8 Empty 0 0 0
994 824 14 8 Bohne 0 0 0
1054 824 14 8 Blume 0 0 0
588 811 14 8 Empty 0 0 0
660 811 4 8  0 0 0
519 808 12 8 Born 0 0 0
880 810 24 8 Walkenfort 0 0 0
1162 812 14 8 Empty 0 0 0
796 808 14 8 Empty 0 0 0
1020 810 14 8 Empty 0 0 0
946 809 14 8 Empty 0 0 0
1077 810 16 8 Oelker 0 0 0
740 806 14 8 Empty 0 0 0
555 799 14 8 Empty 0 0 0
627 794 14 8 Empty 0 0 0
1203 798 14 8 Empty 0 0 0
701 792 14 8 Empty 0 0 0
853 793 12 8 Hohn 0 0 0
920 793 14 8 Empty 0 0 0
1110 794 20 8 Melchior 0 0 0
475 786 14 8 Empty 0 0 0
1227 782 18 8 Brandes 0 0 0
803 776 20 8 Achziger 0 0 0
1155 778 12 8 Gaal 0 0 0
588 771 16 8 Köhler 0 0 0
736 772 14 8 Empty 0 0 0
670 770 18 8 Meinert 0 0 0
1024 773 14 8 Empty 0 0 0
447 766 14 8 Empty 0 0 0
515 766 14 8 Empty 0 0 0
954 770 24 8 Neckermann 0 0 0
1093 771 18 8 Tiessen 0 0 0
884 768 20 8 Wöstmann 0 0 0
989 756 18 8 Bröcker 0 0 0
647 751 14 8 Kreye 0 0 0
1069 754 18 8 Dettmer 0 0 0
487 746 14 8 Lange 0 0 0
829 748 18 8 Hatwich 0 0 0
1149 749 14 8 Empty 0 0 0
555 743 22 8 Czinczoll 0 0 0
916 746 26 8 Glushchenko 0 0 0
1235 747 14 8 Loske 0 0 0
749 742 14 8 Ferle 0 0 0
1313 738 18 8 Richter 0 0 0
1068 717 14 8 Empty 0 0 0
1220 718 16 8 Brandt 0 0 0
1165 709 14 8 Marco 0 0 0
873 706 14 8 Empty 0 0 0
698 703 16 8 Heuing 0 0 0
1284 705 18 8 Schütze 0 0 0
780 698 14 8 Otten 0 0 0
593 696 14 8 Empty 0 0 0
962 697 18 8 Krümmel 0 0 0
363 670 16 8 Buckow 0 0 0
815 672 14 8 Wasle 0 0 0
449 668 24 8 Berdelmann 0 0 0
999 673 18 8 Messner 0 0 0
903 670 14 8 Empty 0 0 0
539 666 14 8 Empty 0 0 0
645 666 14 8 Empty 0 0 0
732 664 18 8 Siebert 0 0 0
1092 667 22 8 Knapstein 0 0 0
1192 663 14 8 Empty 0 0 0
1327 652 14 8 Empty 0 0 0
665 640 16 8 Hamers 0 0 0
778 640 14 8 Empty 0 0 0
1037 641 16 8 Kopatz 0 0 0
1144 638 16 8 Miller 0 0 0
383 630 16 8 Willms 0 0 0
1239 638 14 8 Empty 0 0 0
474 630 14 8 Luong 0 0 0
573 630 14 8 Empty 0 0 0
856 628 18 8 Emmrich 0 0 0
350 611 14 8 Stenz 0 0 0
696 614 14 8 Empty 0 0 0
526 611 14 8 Empty 0 0 0
1087 616 26 8 Hüggelmeyer 0 0 0
752 609 18 8 Schmidt 0 0 0
905 610 14 8 Bruhn 0 0 0
1362 611 12 8 Paul 0 0 0
431 601 18 8 Thissen 0 0 0
987 605 14 8 Empty 0 0 0
607 599 14 8 Empty 0 0 0
830 601 14 8 Empty 0 0 0
380 578 18 8 Grewing 0 0 0
1230 586 14 8 Empty 0 0 0
1324 584 14 8 Empty 0 0 0
752 578 10 8 Boy 0 0 0
1122 580 20 8 Kaalmink 0 0 0
1022 575 14 8 Empty 0 0 0
511 566 24 8 Steininger 0 0 0
924 570 14 8 Empty 0 0 0
562 565 14 8 Empty 0 0 0
656 565 20 8 Seiffert 0 0 0
1385 572 14 8 Empty 0 0 0
839 563 16 8 Konkol 0 0 0
1465 566 14 8 Empty 0 0 0
466 545 14 8 Empty 0 0 0
1054 550 14 8 Empty 0 0 0
893 544 16 8 Goerke 0 0 0
972 544 14 8 Empty 0 0 0
691 540 12 8 Koch 0 0 0
602 539 16 8 Düngen 0 0 0
1152 543 22 8 Wanscheid 0 0 0
299 533 30 8 Gerstenberger 0 0 0
1223 542 20 8 Schüller 0 0 0
793 534 16 8 Wagner 0 0 0
740 533 10 8 von 0 0 0
1338 531 18 8 Porcher 0 0 0
1256 523 14 8 Empty 0 0 0
868 516 20 8 Kalthoff 0 0 0
1089 517 12 8 Koch 0 0 0
1010 514 22 8 Wiedemann 0 0 0
470 506 18 8 Reimann 0 0 0
569 501 24 8 Wippermann 0 0 0
378 499 22 8 Schalkamp 0 0 0
642 498 24 8 Gilgenberg 0 0 0
1377 505 14 8 Empty 0 0 0
785 495 18 8 Essmann 0 0 0
1153 498 20 8 Herrmann 0 0 0
958 486 12 8 Lang 0 0 0
1070 474 16 8 Becker 0 0 0
1488 477 24 8 Haldenwang 0 0 0
1554 469 24 8 Vornberger 0 0 0
386 454 18 8 Wichert 0 0 0
285 452 20 8 Kramarek 0 0 0
508 451 14 8 Heyen 0 0 0
933 448 14 8 Empty 0 0 0
826 445 16 8 Bruhne 0 0 0
585 429 16 8 Tavani 0 0 0
460 426 18 8 Zörlein 0 0 0
1444 435 16 8 Becker 0 0 0
721 425 10 8 Bui 0 0 0
1153 426 14 8 Empty 0 0 0
1387 428 14 8 Takla 0 0 0
1267 417 28 8 Mukniashvili 0 0 0
1142 322 18 8 Tessmer 0 0 0
1017 320 10 8 von 0 0 0
1369 320 22 8 Osterkamp 0 0 0
1255 316 22 8 Vogelsang 0 0 0
766 299 22 8 Olberding 0 0 0
581 296 18 8 Eichler 0 0 0
667 296 18 8 Bourdon 0 0 0
137 286 24 8 Kalbertodt 0 0 0
1483 299 28 8 Rittershofer 0 0 0
864 292 22 8 Kniephoff 0 0 0
232 279 20 8 Standvoß 0 0 0
472 281 22 8 Altenhoff 0 0 0
1089 285 14 8 Wiebe 0 0 0
963 276 14 8 Ihler 0 0 0
1199 278 16 8 Beutel 0 0 0
292 268 16 8 Scholz 0 0 0
1547 277 22 8 Lerebourg 0 0 0
1326 273 12 8 Hain 0 0 0
385 261 12 8 Jung 0 0 0
1416 263 12 8 Kock 0 0 0
