175
488 702 20 8 Kaufmann 0 0 0
570 699 14 8 Bauer 0 0 0
1212 700 14 8 Empty 0 0 0
657 693 14 8 Meyer 0 0 0
391 690 14 8 Empty 0 0 0
929 692 14 8 Burke 0 0 0
744 689 10 8 von 0 0 0
1025 691 24 8 Winterboer 0 0 0
1368 694 12 8 Noll 0 0 0
829 688 16 8 Kraune 0 0 0
1123 686 16 8 Willen 0 0 0
1269 682 14 8 Empty 0 0 0
981 663 16 8 Krause 0 0 0
1089 664 16 8 Latzel 0 0 0
886 660 14 8 Empty 0 0 0
691 658 14 8 Empty 0 0 0
339 654 14 8 Empty 0 0 0
428 654 16 8 Pingel 0 0 0
521 654 18 8 Schmidt 0 0 0
788 652 20 8 Sandfort 0 0 0
1391 658 14 8 Stüve 0 0 0
1167 652 20 8 Niemeyer 0 0 0
611 646 20 8 Kirchner 0 0 0
1299 650 26 8 Brockmöller 0 0 0
293 639 22 8 Brinkmann 0 0 0
389 636 18 8 Brieger 0 0 0
1060 642 16 8 Gerdes 0 0 0
740 636 14 8 Empty 0 0 0
570 633 22 8 Hartmeyer 0 0 0
1479 641 20 8 Langeloh 0 0 0
834 632 16 8 Hübner 0 0 0
654 630 12 8 Koch 0 0 0
1142 632 22 8 Kalbreyer 0 0 0
476 625 18 8 Walocha 0 0 0
1532 629 14 8 Hasse 0 0 0
1329 625 14 8 Empty 0 0 0
249 608 14 8 Empty 0 0 0
345 604 16 8 Clüver 0 0 0
750 608 24 8 Altemöller 0 0 0
980 610 14 8 Täger 0 0 0
900 608 18 8 Hemmers 0 0 0
633 602 22 8 Schürmann 0 0 0
523 600 14 8 Empty 0 0 0
440 598 14 8 Empty 0 0 0
1428 604 20 8 Marchand 0 0 0
1347 600 18 8 Tessmer 0 0 0
274 582 22 8 Wanninger 0 0 0
783 587 4 8  0 0 0
469 583 16 8 Kleine 0 0 0
407 582 20 8 Greshake 0 0 0
869 585 12 8 Rupp 0 0 0
701 583 16 8 Hummel 0 0 0
931 584 22 8 Kühnapfel 0 0 0
1017 584 24 8 Wichelmann 0 0 0
583 578 18 8 Siebert 0 0 0
1571 587 14 8 Empty 0 0 0
1107 581 26 8 Maccaracker 0 0 0
1275 581 26 8 Baumgartner 0 0 0
1183 579 16 8 Schork 0 0 0
211 569 20 8 Fritsche 0 0 0
295 568 14 8 Empty 0 0 0
1370 576 12 8 Lenz 0 0 0
1485 572 14 8 Ilsen 0 0 0
387 558 16 8 Eggert 0 0 0
499 559 14 8 Klein 0 0 0
1062 564 16 8 Pirlet 0 0 0
667 559 16 8 Köster 0 0 0
836 560 18 8 Schmitt 0 0 0
745 554 20 8 Dingkuhn 0 0 0
974 556 20 8 Freiwald 0 0 0
1438 559 22 8 Ullenbaum 0 0 0
1336 557 14 8 Empty 0 0 0
1525 555 18 8 Hoppius 0 0 0
1145 546 22 8 Dieckmann 0 0 0
1235 543 22 8 Altenhoff 0 0 0
207 527 16 8 Denker 0 0 0
437 525 24 8 Bornschein 0 0 0
695 526 32 8 Zimmer-Harwood 0 0 0
537 523 18 8 Krieger 0 0 0
294 520 18 8 Heukamp 0 0 0
887 525 14 8 Empty 0 0 0
954 524 20 8 Vortmann 0 0 0
620 520 20 8 Schepers 0 0 0
1024 518 22 8 Steinkamp 0 0 0
1207 519 18 8 Krieger 0 0 0
1109 518 16 8 Teusch 0 0 0
786 513 14 8 Empty 0 0 0
325 501 16 8 Lobeck 0 0 0
834 506 14 8 Empty 0 0 0
408 501 18 8 Vischer 0 0 0
231 498 16 8 Kordaß 0 0 0
484 496 14 8 Empty 0 0 0
747 496 14 8 Empty 0 0 0
1176 500 12 8 Wolf 0 0 0
565 493 14 8 Empty 0 0 0
935 496 18 8 Kandolf 0 0 0
170 488 12 8 Güse 0 0 0
1600 500 18 8 Marniok 0 0 0
651 488 14 8 Simon 0 0 0
887 485 14 8 Empty 0 0 0
1241 488 26 8 Schmidtmann 0 0 0
981 485 12 8 Zoul 0 0 0
1332 488 14 8 Teepe 0 0 0
271 477 14 8 Ahaus 0 0 0
1019 484 12 8 Moik 0 0 0
500 477 14 8 Empty 0 0 0
1428 486 14 8 Empty 0 0 0
705 478 14 8 Empty 0 0 0
331 470 30 8 Schondelmaier 0 0 0
1142 477 14 8 Empty 0 0 0
1272 477 14 8 Riegl 0 0 0
612 470 14 8 Empty 0 0 0
797 468 14 8 Empty 0 0 0
1067 460 14 8 Empty 0 0 0
1382 462 14 8 Empty 0 0 0
1298 460 12 8 Zepf 0 0 0
562 452 14 8 Empty 0 0 0
1477 461 14 8 Zilke 0 0 0
652 448 14 8 Wicke 0 0 0
851 448 16 8 Ludwig 0 0 0
472 442 28 8 Grenzdörffer 0 0 0
744 442 18 8 Trebing 0 0 0
1189 445 16 8 Hübner 0 0 0
287 434 20 8 Hoppenau 0 0 0
387 434 14 8 Vilks 0 0 0
195 427 30 8 Eustergerling 0 0 0
944 432 18 8 Schwade 0 0 0
1018 432 12 8 Graf 0 0 0
1113 428 18 8 Vötterl 0 0 0
1560 420 14 8 Empty 0 0 0
414 405 20 8 Sprenger 0 0 0
317 399 14 8 Empty 0 0 0
998 398 12 8 Kohl 0 0 0
808 396 14 8 Empty 0 0 0
1397 400 20 8 Pfeiffer 0 0 0
1216 395 18 8 Schulte 0 0 0
519 387 14 8 Jehle 0 0 0
1486 394 22 8 Alexander 0 0 0
640 383 18 8 Bossler 0 0 0
1120 386 14 8 Boldt 0 0 0
903 383 12 8 Roth 0 0 0
726 377 16 8 Feiten 0 0 0
1526 380 20 8 Neubauer 0 0 0
1618 379 24 8 Vornberger 0 0 0
562 361 12 8 Funk 0 0 0
772 361 4 8  0 0 0
354 356 14 8 Empty 0 0 0
166 354 14 8 Empty 0 0 0
453 351 14 8 Empty 0 0 0
257 347 14 8 Empty 0 0 0
1330 356 14 8 Budna 0 0 0
697 348 14 8 Empty 0 0 0
855 349 24 8 Salikutluk 0 0 0
937 349 14 8 Empty 0 0 0
1095 348 14 8 Kratz 0 0 0
1255 348 16 8 Wiegel 0 0 0
1170 343 14 8 Empty 0 0 0
1418 342 14 8 Empty 0 0 0
1019 328 14 8 Empty 0 0 0
115 289 16 8 Gegner 0 0 0
947 251 20 8 Meyering 0 0 0
699 239 18 8 Schwarz 0 0 0
1155 243 16 8 Barkey 0 0 0
1482 239 24 8 Haldenwang 0 0 0
225 224 12 8 Blum 0 0 0
1251 234 16 8 Heiden 0 0 0
319 222 14 8 Harte 0 0 0
606 224 16 8 Scholz 0 0 0
784 225 22 8 Olberding 0 0 0
1358 228 18 8 Eichler 0 0 0
417 217 24 8 Kalbertodt 0 0 0
850 221 22 8 Kniephoff 0 0 0
512 217 14 8 Hille 0 0 0
1045 220 18 8 Clement 0 0 0
134 210 20 8 Standvoß 0 0 0
